TRANSPORT PROPERTIES OF GAS

binary_diff_coeffs
[[0.00061513 0.00062653 0.00067667 ... 0.00027242 0.00030172 0.00027839]
 [0.00062653 0.00062989 0.00067405 ... 0.00028874 0.00031781 0.00029389]
 [0.00067667 0.00067405 0.00071659 ... 0.00031867 0.00034951 0.00032339]
 ...
 [0.00027242 0.00028874 0.00031867 ... 0.00011717 0.00013137 0.00012252]
 [0.00030172 0.00031781 0.00034951 ... 0.00013137 0.00014681 0.00013678]
 [0.00027839 0.00029389 0.00032339 ... 0.00012252 0.00013678 0.00012768]]

electrical_conductivity
Cantera error for electrical_conductivity attribute: 
*******************************************************************************
NotImplementedError thrown by Transport::electricalConductivity:
Not implemented for transport model 'Mix'.
*******************************************************************************


get_binary_diff_coeffs_polynomial(1,2)
[-2.11716239e-03  9.30913137e-04 -1.19136288e-04  6.33052082e-06
 -6.58991838e-08]

get_collision_integral_polynomials(1,2)
(array([ 1.10626460e+00, -2.07337646e-02, -1.12044943e-02,  2.67107977e-02,
       -6.68297430e-03, -3.53066507e-03,  2.14943371e-03, -4.05865561e-04,
        2.66906443e-05]), array([ 1.19358419e+00, -1.40996294e-01,  2.72095852e-02,  4.53586238e-02,
       -2.29555671e-02, -1.48886697e-03,  3.25968057e-03, -7.66862195e-04,
        5.70805264e-05]), array([ 8.37181347e-01,  5.42601425e-02,  3.70896671e-02, -2.65193604e-02,
       -1.20044138e-03,  4.51861677e-03, -1.31520289e-03,  1.48210306e-04,
       -5.53330668e-06]))

get_thermal_conductivity_polynomial(1)
[-8.22301087e-03  3.80413906e-03 -5.65313289e-04  3.70365367e-05
 -7.88118793e-07]

get_viscosity_polynomial(1)
[-4.60782620e-03  2.51629941e-03 -4.37592001e-04  3.45790254e-05
 -1.01376918e-06]

mix_diff_coeffs
[0.00062635 0.00063809 0.00068876 0.00063046 0.0008248  0.00090958
 0.00103797 0.00377503 0.00097035 0.00095221 0.00224067 0.00062781
 0.00046987 0.00061907 0.00047908 0.00054817 0.00070754 0.00069172
 0.00054367 0.00078473 0.00053335 0.00052793 0.00052793 0.00070754
 0.0005316  0.00053269 0.00046035 0.00052286 0.00052313 0.00047584
 0.00047976 0.00053269 0.00045821 0.00048814 0.00039933 0.000399
 0.00028551 0.00049258 0.00049929 0.00037051 0.00049841 0.00049841
 0.00035888 0.00029027 0.00043062 0.00038683 0.00046035 0.00038148
 0.00038683 0.00038683 0.00034325 0.00034469 0.00032137 0.00023078
 0.0002922  0.00030273 0.00029277 0.00024293 0.00030193 0.0003337
 0.00028951 0.00036174 0.00026506 0.00040045 0.00036776 0.00038697
 0.00030116 0.00028436 0.00025341 0.00030157 0.00035029 0.00036122
 0.00027384 0.00023021 0.00027443 0.00030448 0.00028065]

mix_diff_coeffs_mass
[0.00061115 0.00063809 0.00068876 0.00063095 0.00076338 0.00090958
 0.00103797 0.00377341 0.00097025 0.0009508  0.00223263 0.00062781
 0.00046987 0.00061902 0.00050693 0.00054817 0.00070754 0.00069172
 0.00054367 0.00078473 0.00053335 0.00052793 0.00052793 0.00070754
 0.0005316  0.00053269 0.00046035 0.00052286 0.00052313 0.00047584
 0.00047976 0.00053269 0.00045821 0.00048814 0.00039933 0.000399
 0.00028551 0.00049258 0.00049929 0.00037051 0.00049841 0.00049841
 0.00035888 0.00029027 0.00043062 0.00038683 0.00046035 0.00038148
 0.00038683 0.00038683 0.00034325 0.00034469 0.00032137 0.00023078
 0.0002922  0.00030273 0.00029277 0.00024293 0.00030193 0.0003337
 0.00028951 0.00036174 0.00026506 0.00040045 0.00036776 0.00038697
 0.00030116 0.00028436 0.00025341 0.00030157 0.00035029 0.00036122
 0.00027384 0.00023021 0.00027443 0.00030448 0.00028065]

mix_diff_coeffs_mole
[0.00066173 0.00063809 0.00068876 0.00063107 0.00076585 0.00090958
 0.00103797 0.00377345 0.00097025 0.00095091 0.00223281 0.00062781
 0.00046987 0.00061919 0.0005077  0.00054817 0.00070754 0.00069172
 0.00054367 0.00078473 0.00053335 0.00052793 0.00052793 0.00070754
 0.0005316  0.00053269 0.00046035 0.00052286 0.00052313 0.00047584
 0.00047976 0.00053269 0.00045821 0.00048814 0.00039933 0.000399
 0.00028551 0.00049258 0.00049929 0.00037051 0.00049841 0.00049841
 0.00035888 0.00029027 0.00043062 0.00038683 0.00046035 0.00038148
 0.00038683 0.00038683 0.00034325 0.00034469 0.00032137 0.00023078
 0.0002922  0.00030273 0.00029277 0.00024293 0.00030193 0.0003337
 0.00028951 0.00036174 0.00026506 0.00040045 0.00036776 0.00038697
 0.00030116 0.00028436 0.00025341 0.00030157 0.00035029 0.00036122
 0.00027384 0.00023021 0.00027443 0.00030448 0.00028065]

mobilities
[0.00325378 0.00331477 0.00357803 0.00327516 0.00428471 0.00472512
 0.00539208 0.01961072 0.00504084 0.00494656 0.01163992 0.00326139
 0.00244089 0.003216   0.00248872 0.00284765 0.00367556 0.0035934
 0.00282429 0.00407657 0.00277069 0.00274251 0.00274251 0.00367556
 0.00276156 0.00276725 0.00239145 0.00271615 0.00271758 0.00247189
 0.00249228 0.00276725 0.00238031 0.00253582 0.00207445 0.00207275
 0.00148316 0.00255886 0.00259372 0.00192475 0.00258914 0.00258914
 0.00186434 0.00150789 0.00223702 0.00200951 0.00239145 0.00198175
 0.00200951 0.00200951 0.00178316 0.00179063 0.00166948 0.00119889
 0.00151795 0.00157261 0.00152088 0.00126198 0.0015685  0.00173353
 0.00150395 0.00187916 0.00137693 0.00208026 0.00191045 0.00201025
 0.00156451 0.00147719 0.00131644 0.00156663 0.0018197  0.00187647
 0.00142257 0.00119593 0.00142563 0.00158173 0.00145792]

multi_diff_coeffs
Cantera error for multi_diff_coeffs attribute: 
*******************************************************************************
NotImplementedError thrown by Transport::getMultiDiffCoeffs:
Not implemented for transport model 'Mix'.
*******************************************************************************


species_viscosities
[6.98550402e-05 5.17602997e-05 4.67871124e-05 8.03782911e-05
 7.22325381e-05 5.76947920e-05 8.49769426e-05 3.90157294e-05
 9.42016928e-05 9.71239068e-05 3.28756344e-05 8.19818501e-05
 4.87119156e-05 6.78681457e-05 6.67512837e-05 5.57565423e-05
 4.24007000e-05 4.38977585e-05 5.67166845e-05 1.66540370e-04
 4.60364304e-05 4.69542630e-05 4.69542969e-05 4.24007000e-05
 5.78180070e-05 5.59733427e-05 5.63322036e-05 4.78544951e-05
 4.96313201e-05 4.45271488e-05 4.37744725e-05 5.59733427e-05
 5.70035941e-05 6.89071177e-05 4.63203251e-05 4.75794146e-05
 2.66980043e-05 6.86308037e-05 4.55827194e-05 3.93972171e-05
 6.94465582e-05 6.94465582e-05 3.63441873e-05 3.37189525e-05
 6.41926187e-05 4.07521463e-05 5.63322282e-05 3.88080334e-05
 4.07521463e-05 4.07521463e-05 3.63249426e-05 3.59249617e-05
 3.12579821e-05 2.38785610e-05 3.94515157e-05 3.61007826e-05
 3.91782927e-05 2.90068245e-05 3.64027260e-05 3.27443870e-05
 3.40009746e-05 3.68367070e-05 3.34269481e-05 4.14586675e-05
 3.66661486e-05 3.97755920e-05 3.67021855e-05 2.69887792e-05
 3.60589978e-05 3.45125743e-05 4.42039492e-05 3.45531536e-05
 3.48262222e-05 2.40718134e-05 3.49651686e-05 3.64322502e-05
 3.27428086e-05]

thermal_conductivity
0.15121764453343775

thermal_diff_coeffs
[0. 0. 0. 0. 0. 0. 0. 0. 0. 0. 0. 0. 0. 0. 0. 0. 0. 0. 0. 0. 0. 0. 0. 0.
 0. 0. 0. 0. 0. 0. 0. 0. 0. 0. 0. 0. 0. 0. 0. 0. 0. 0. 0. 0. 0. 0. 0. 0.
 0. 0. 0. 0. 0. 0. 0. 0. 0. 0. 0. 0. 0. 0. 0. 0. 0. 0. 0. 0. 0. 0. 0. 0.
 0. 0. 0. 0. 0.]

TRANSPORT PROPERTIES OF FREE FLAME


binary_diff_coeffs
[[0.00061513 0.00062653 0.00067667 ... 0.00027242 0.00030172 0.00027839]
 [0.00062653 0.00062989 0.00067405 ... 0.00028874 0.00031781 0.00029389]
 [0.00067667 0.00067405 0.00071659 ... 0.00031867 0.00034951 0.00032339]
 ...
 [0.00027242 0.00028874 0.00031867 ... 0.00011717 0.00013137 0.00012252]
 [0.00030172 0.00031781 0.00034951 ... 0.00013137 0.00014681 0.00013678]
 [0.00027839 0.00029389 0.00032339 ... 0.00012252 0.00013678 0.00012768]]

electrical_conductivity
Cantera error for electrical_conductivity attribute: 
*******************************************************************************
NotImplementedError thrown by Transport::electricalConductivity:
Not implemented for transport model 'Mix'.
*******************************************************************************


get_binary_diff_coeffs_polynomial(1,2)
[-2.11716239e-03  9.30913137e-04 -1.19136288e-04  6.33052082e-06
 -6.58991838e-08]

get_collision_integral_polynomials(1,2)
(array([ 1.10626460e+00, -2.07337646e-02, -1.12044943e-02,  2.67107977e-02,
       -6.68297430e-03, -3.53066507e-03,  2.14943371e-03, -4.05865561e-04,
        2.66906443e-05]), array([ 1.19358419e+00, -1.40996294e-01,  2.72095852e-02,  4.53586238e-02,
       -2.29555671e-02, -1.48886697e-03,  3.25968057e-03, -7.66862195e-04,
        5.70805264e-05]), array([ 8.37181347e-01,  5.42601425e-02,  3.70896671e-02, -2.65193604e-02,
       -1.20044138e-03,  4.51861677e-03, -1.31520289e-03,  1.48210306e-04,
       -5.53330668e-06]))

get_thermal_conductivity_polynomial(1)
[-8.22301087e-03  3.80413906e-03 -5.65313289e-04  3.70365367e-05
 -7.88118793e-07]

get_viscosity_polynomial(1)
[-4.60782620e-03  2.51629941e-03 -4.37592001e-04  3.45790254e-05
 -1.01376918e-06]

mix_diff_coeffs
[0.00062635 0.00063809 0.00068876 0.00063046 0.0008248  0.00090958
 0.00103797 0.00377503 0.00097035 0.00095221 0.00224067 0.00062781
 0.00046987 0.00061907 0.00047908 0.00054817 0.00070754 0.00069172
 0.00054367 0.00078473 0.00053335 0.00052793 0.00052793 0.00070754
 0.0005316  0.00053269 0.00046035 0.00052286 0.00052313 0.00047584
 0.00047976 0.00053269 0.00045821 0.00048814 0.00039933 0.000399
 0.00028551 0.00049258 0.00049929 0.00037051 0.00049841 0.00049841
 0.00035888 0.00029027 0.00043062 0.00038683 0.00046035 0.00038148
 0.00038683 0.00038683 0.00034325 0.00034469 0.00032137 0.00023078
 0.0002922  0.00030273 0.00029277 0.00024293 0.00030193 0.0003337
 0.00028951 0.00036174 0.00026506 0.00040045 0.00036776 0.00038697
 0.00030116 0.00028436 0.00025341 0.00030157 0.00035029 0.00036122
 0.00027384 0.00023021 0.00027443 0.00030448 0.00028065]

mix_diff_coeffs_mass
[0.00061115 0.00063809 0.00068876 0.00063095 0.00076338 0.00090958
 0.00103797 0.00377341 0.00097025 0.0009508  0.00223263 0.00062781
 0.00046987 0.00061902 0.00050693 0.00054817 0.00070754 0.00069172
 0.00054367 0.00078473 0.00053335 0.00052793 0.00052793 0.00070754
 0.0005316  0.00053269 0.00046035 0.00052286 0.00052313 0.00047584
 0.00047976 0.00053269 0.00045821 0.00048814 0.00039933 0.000399
 0.00028551 0.00049258 0.00049929 0.00037051 0.00049841 0.00049841
 0.00035888 0.00029027 0.00043062 0.00038683 0.00046035 0.00038148
 0.00038683 0.00038683 0.00034325 0.00034469 0.00032137 0.00023078
 0.0002922  0.00030273 0.00029277 0.00024293 0.00030193 0.0003337
 0.00028951 0.00036174 0.00026506 0.00040045 0.00036776 0.00038697
 0.00030116 0.00028436 0.00025341 0.00030157 0.00035029 0.00036122
 0.00027384 0.00023021 0.00027443 0.00030448 0.00028065]

mix_diff_coeffs_mole
[0.00066173 0.00063809 0.00068876 0.00063107 0.00076585 0.00090958
 0.00103797 0.00377345 0.00097025 0.00095091 0.00223281 0.00062781
 0.00046987 0.00061919 0.0005077  0.00054817 0.00070754 0.00069172
 0.00054367 0.00078473 0.00053335 0.00052793 0.00052793 0.00070754
 0.0005316  0.00053269 0.00046035 0.00052286 0.00052313 0.00047584
 0.00047976 0.00053269 0.00045821 0.00048814 0.00039933 0.000399
 0.00028551 0.00049258 0.00049929 0.00037051 0.00049841 0.00049841
 0.00035888 0.00029027 0.00043062 0.00038683 0.00046035 0.00038148
 0.00038683 0.00038683 0.00034325 0.00034469 0.00032137 0.00023078
 0.0002922  0.00030273 0.00029277 0.00024293 0.00030193 0.0003337
 0.00028951 0.00036174 0.00026506 0.00040045 0.00036776 0.00038697
 0.00030116 0.00028436 0.00025341 0.00030157 0.00035029 0.00036122
 0.00027384 0.00023021 0.00027443 0.00030448 0.00028065]

mobilities
[0.00325378 0.00331477 0.00357803 0.00327516 0.00428471 0.00472512
 0.00539208 0.01961072 0.00504084 0.00494656 0.01163992 0.00326139
 0.00244089 0.003216   0.00248872 0.00284765 0.00367556 0.0035934
 0.00282429 0.00407657 0.00277069 0.00274251 0.00274251 0.00367556
 0.00276156 0.00276725 0.00239145 0.00271615 0.00271758 0.00247189
 0.00249228 0.00276725 0.00238031 0.00253582 0.00207445 0.00207275
 0.00148316 0.00255886 0.00259372 0.00192475 0.00258914 0.00258914
 0.00186434 0.00150789 0.00223702 0.00200951 0.00239145 0.00198175
 0.00200951 0.00200951 0.00178316 0.00179063 0.00166948 0.00119889
 0.00151795 0.00157261 0.00152088 0.00126198 0.0015685  0.00173353
 0.00150395 0.00187916 0.00137693 0.00208026 0.00191045 0.00201025
 0.00156451 0.00147719 0.00131644 0.00156663 0.0018197  0.00187647
 0.00142257 0.00119593 0.00142563 0.00158173 0.00145792]

multi_diff_coeffs
Cantera error for multi_diff_coeffs attribute: 
*******************************************************************************
NotImplementedError thrown by Transport::getMultiDiffCoeffs:
Not implemented for transport model 'Mix'.
*******************************************************************************


species_viscosities
[6.98550402e-05 5.17602997e-05 4.67871124e-05 8.03782911e-05
 7.22325381e-05 5.76947920e-05 8.49769426e-05 3.90157294e-05
 9.42016928e-05 9.71239068e-05 3.28756344e-05 8.19818501e-05
 4.87119156e-05 6.78681457e-05 6.67512837e-05 5.57565423e-05
 4.24007000e-05 4.38977585e-05 5.67166845e-05 1.66540370e-04
 4.60364304e-05 4.69542630e-05 4.69542969e-05 4.24007000e-05
 5.78180070e-05 5.59733427e-05 5.63322036e-05 4.78544951e-05
 4.96313201e-05 4.45271488e-05 4.37744725e-05 5.59733427e-05
 5.70035941e-05 6.89071177e-05 4.63203251e-05 4.75794146e-05
 2.66980043e-05 6.86308037e-05 4.55827194e-05 3.93972171e-05
 6.94465582e-05 6.94465582e-05 3.63441873e-05 3.37189525e-05
 6.41926187e-05 4.07521463e-05 5.63322282e-05 3.88080334e-05
 4.07521463e-05 4.07521463e-05 3.63249426e-05 3.59249617e-05
 3.12579821e-05 2.38785610e-05 3.94515157e-05 3.61007826e-05
 3.91782927e-05 2.90068245e-05 3.64027260e-05 3.27443870e-05
 3.40009746e-05 3.68367070e-05 3.34269481e-05 4.14586675e-05
 3.66661486e-05 3.97755920e-05 3.67021855e-05 2.69887792e-05
 3.60589978e-05 3.45125743e-05 4.42039492e-05 3.45531536e-05
 3.48262222e-05 2.40718134e-05 3.49651686e-05 3.64322502e-05
 3.27428086e-05]

thermal_conductivity
0.15121764453343775

thermal_diff_coeffs
[0. 0. 0. 0. 0. 0. 0. 0. 0. 0. 0. 0. 0. 0. 0. 0. 0. 0. 0. 0. 0. 0. 0. 0.
 0. 0. 0. 0. 0. 0. 0. 0. 0. 0. 0. 0. 0. 0. 0. 0. 0. 0. 0. 0. 0. 0. 0. 0.
 0. 0. 0. 0. 0. 0. 0. 0. 0. 0. 0. 0. 0. 0. 0. 0. 0. 0. 0. 0. 0. 0. 0. 0.
 0. 0. 0. 0. 0.]

