binary_diff_coeffs
[[2.08646879e-05 2.07015461e-05 2.24355185e-05 ... 7.96502512e-06
  8.98156179e-06 8.30565002e-06]
 [2.07015461e-05 2.01171816e-05 2.16226790e-05 ... 7.95446246e-06
  8.93855335e-06 8.28786649e-06]
 [2.24355185e-05 2.16226790e-05 2.30864191e-05 ... 8.84432437e-06
  9.90089987e-06 9.18471637e-06]
 ...
 [7.96502512e-06 7.95446246e-06 8.84432437e-06 ... 2.64214825e-06
  3.03200462e-06 2.83640765e-06]
 [8.98156179e-06 8.93855335e-06 9.90089987e-06 ... 3.03200462e-06
  3.46911502e-06 3.24226553e-06]
 [8.30565002e-06 8.28786649e-06 9.18471637e-06 ... 2.83640765e-06
  3.24226553e-06 3.03591224e-06]]

electrical_conductivity
Cantera error for electrical_conductivity attribute: 
*******************************************************************************
NotImplementedError thrown by Transport::electricalConductivity:
Not implemented for transport model 'Mix'.
*******************************************************************************


get_binary_diff_coeffs_polynomial(1,2)
[-2.11716239e-03  9.30913137e-04 -1.19136288e-04  6.33052082e-06
 -6.58991838e-08]

get_collision_integral_polynomials(1,2)
(array([ 1.10626460e+00, -2.07337646e-02, -1.12044943e-02,  2.67107977e-02,
       -6.68297430e-03, -3.53066507e-03,  2.14943371e-03, -4.05865561e-04,
        2.66906443e-05]), array([ 1.19358419e+00, -1.40996294e-01,  2.72095852e-02,  4.53586238e-02,
       -2.29555671e-02, -1.48886697e-03,  3.25968057e-03, -7.66862195e-04,
        5.70805264e-05]), array([ 8.37181347e-01,  5.42601425e-02,  3.70896671e-02, -2.65193604e-02,
       -1.20044138e-03,  4.51861677e-03, -1.31520289e-03,  1.48210306e-04,
       -5.53330668e-06]))

get_thermal_conductivity_polynomial(1)
[-8.22301087e-03  3.80413906e-03 -5.65313289e-04  3.70365367e-05
 -7.88118793e-07]

get_viscosity_polynomial(1)
[-4.60782620e-03  2.51629941e-03 -4.37592001e-04  3.45790254e-05
 -1.01376918e-06]

mix_diff_coeffs
[0.00000000e+00 2.07015461e-05 2.24355185e-05 2.08410968e-05
 2.13985727e-05 3.06875214e-05 3.47108560e-05 1.22140963e-04
 3.24288516e-05 3.18112852e-05 7.61563339e-05 2.07262077e-05
 1.44331687e-05 2.06377210e-05 1.56372489e-05 1.58069668e-05
 2.30366503e-05 2.25161964e-05 1.56760970e-05 2.52184660e-05
 1.68790907e-05 1.67056513e-05 1.67056645e-05 2.30366503e-05
 1.53915343e-05 1.55571744e-05 1.35074876e-05 1.65435200e-05
 1.61062429e-05 1.48197026e-05 1.49431432e-05 1.55571744e-05
 1.34440914e-05 1.42466500e-05 1.19933782e-05 1.16217858e-05
 8.43703271e-06 1.41206059e-05 1.65381167e-05 1.15030229e-05
 1.43611329e-05 1.43611329e-05 1.08144324e-05 8.58399465e-06
 1.26190896e-05 1.20337931e-05 1.35074940e-05 1.15877772e-05
 1.20337931e-05 1.20337931e-05 1.03345230e-05 1.03782089e-05
 9.54861207e-06 6.70853912e-06 8.65109287e-06 8.93947185e-06
 8.66786202e-06 7.15591899e-06 8.91594008e-06 9.98782985e-06
 8.56139863e-06 1.09010630e-05 7.70851876e-06 1.24903478e-05
 1.15493927e-05 1.17525651e-05 8.89311392e-06 8.40275472e-06
 7.37095171e-06 8.91123451e-06 1.07952673e-05 1.09073006e-05
 8.12332087e-06 6.69182868e-06 7.96502512e-06 8.98156179e-06
 8.30565002e-06]

mix_diff_coeffs_mass
[0.00000000e+00 2.07015461e-05 2.24355185e-05 2.08410968e-05
 2.13985727e-05 3.06875214e-05 3.47108560e-05 1.22140963e-04
 3.24288516e-05 3.18112852e-05 7.61563339e-05 2.07262077e-05
 1.44331687e-05 2.06377210e-05 1.56372489e-05 1.58069668e-05
 2.30366503e-05 2.25161964e-05 1.56760970e-05 2.52184660e-05
 1.68790907e-05 1.67056513e-05 1.67056645e-05 2.30366503e-05
 1.53915343e-05 1.55571744e-05 1.35074876e-05 1.65435200e-05
 1.61062429e-05 1.48197026e-05 1.49431432e-05 1.55571744e-05
 1.34440914e-05 1.42466500e-05 1.19933782e-05 1.16217858e-05
 8.43703271e-06 1.41206059e-05 1.65381167e-05 1.15030229e-05
 1.43611329e-05 1.43611329e-05 1.08144324e-05 8.58399465e-06
 1.26190896e-05 1.20337931e-05 1.35074940e-05 1.15877772e-05
 1.20337931e-05 1.20337931e-05 1.03345230e-05 1.03782089e-05
 9.54861207e-06 6.70853912e-06 8.65109287e-06 8.93947185e-06
 8.66786202e-06 7.15591899e-06 8.91594008e-06 9.98782985e-06
 8.56139863e-06 1.09010630e-05 7.70851876e-06 1.24903478e-05
 1.15493927e-05 1.17525651e-05 8.89311392e-06 8.40275472e-06
 7.37095171e-06 8.91123451e-06 1.07952673e-05 1.09073006e-05
 8.12332087e-06 6.69182868e-06 7.96502512e-06 8.98156179e-06
 8.30565002e-06]

mix_diff_coeffs_mole
[1.82692637e-03 2.07015461e-05 2.24355185e-05 2.08410968e-05
 2.13985727e-05 3.06875214e-05 3.47108560e-05 1.22140963e-04
 3.24288516e-05 3.18112852e-05 7.61563339e-05 2.07262077e-05
 1.44331687e-05 2.06377210e-05 1.56372489e-05 1.58069668e-05
 2.30366503e-05 2.25161964e-05 1.56760970e-05 2.52184660e-05
 1.68790907e-05 1.67056513e-05 1.67056645e-05 2.30366503e-05
 1.53915343e-05 1.55571744e-05 1.35074876e-05 1.65435200e-05
 1.61062429e-05 1.48197026e-05 1.49431432e-05 1.55571744e-05
 1.34440914e-05 1.42466500e-05 1.19933782e-05 1.16217858e-05
 8.43703271e-06 1.41206059e-05 1.65381167e-05 1.15030229e-05
 1.43611329e-05 1.43611329e-05 1.08144324e-05 8.58399465e-06
 1.26190896e-05 1.20337931e-05 1.35074940e-05 1.15877772e-05
 1.20337931e-05 1.20337931e-05 1.03345230e-05 1.03782089e-05
 9.54861207e-06 6.70853912e-06 8.65109287e-06 8.93947185e-06
 8.66786202e-06 7.15591899e-06 8.91594008e-06 9.98782985e-06
 8.56139863e-06 1.09010630e-05 7.70851876e-06 1.24903478e-05
 1.15493927e-05 1.17525651e-05 8.89311392e-06 8.40275472e-06
 7.37095171e-06 8.91123451e-06 1.07952673e-05 1.09073006e-05
 8.12332087e-06 6.69182868e-06 7.96502512e-06 8.98156179e-06
 8.30565002e-06]

mobilities
[0.         0.00080077 0.00086784 0.00080617 0.00082773 0.00118705
 0.00134268 0.00472462 0.0012544  0.00123052 0.00294586 0.00080173
 0.0005583  0.0007983  0.00060488 0.00061144 0.0008911  0.00087097
 0.00060638 0.00097549 0.00065291 0.0006462  0.0006462  0.0008911
 0.00059537 0.00060178 0.00052249 0.00063993 0.00062302 0.00057325
 0.00057803 0.00060178 0.00052004 0.00055109 0.00046392 0.00044955
 0.00032636 0.00054621 0.00063972 0.00044496 0.00055551 0.00055551
 0.00041832 0.00033204 0.00048813 0.00046549 0.00052249 0.00044824
 0.00046549 0.00046549 0.00039976 0.00040145 0.00036936 0.0002595
 0.00033464 0.00034579 0.00033529 0.0002768  0.00034488 0.00038635
 0.00033117 0.00042167 0.00029818 0.00048315 0.00044675 0.00045461
 0.000344   0.00032503 0.00028512 0.0003447  0.00041758 0.00042191
 0.00031422 0.00025885 0.0003081  0.00034742 0.00032128]

multi_diff_coeffs
Cantera error for multi_diff_coeffs attribute: 
*******************************************************************************
NotImplementedError thrown by Transport::getMultiDiffCoeffs:
Not implemented for transport model 'Mix'.
*******************************************************************************


species_viscosities
[1.80840802e-05 1.25709926e-05 1.14710843e-05 2.05874353e-05
 1.06367985e-05 1.53424439e-05 2.24143074e-05 9.52065041e-06
 2.48475132e-05 2.56183035e-05 8.82958304e-06 2.09806531e-05
 9.85214021e-06 1.76827327e-05 1.52272281e-05 9.29778391e-06
 1.03602396e-05 1.07260328e-05 9.45789418e-06 4.03723290e-05
 1.03091074e-05 1.05146410e-05 1.05146627e-05 1.03602396e-05
 9.75043035e-06 9.74039398e-06 9.83704015e-06 1.07162333e-05
 1.01406252e-05 9.42427517e-06 9.26496949e-06 9.74039398e-06
 9.95428206e-06 1.19911245e-05 8.64623340e-06 8.08897848e-06
 4.65953442e-06 1.14649190e-05 1.16195096e-05 8.18832731e-06
 1.15807030e-05 1.15807030e-05 6.81218227e-06 5.92035223e-06
 1.11715951e-05 8.54192479e-06 9.83705245e-06 7.48993449e-06
 8.54192479e-06 8.54192479e-06 6.78286954e-06 6.70818205e-06
 5.57203582e-06 3.95863443e-06 6.96494493e-06 6.32293241e-06
 6.91670893e-06 5.00493906e-06 6.37581680e-06 5.98300643e-06
 5.96986948e-06 6.90881497e-06 5.58422876e-06 8.77818078e-06
 7.91285218e-06 7.67858405e-06 6.42826614e-06 4.71028262e-06
 6.02393291e-06 6.05220298e-06 8.96383212e-06 6.51537016e-06
 6.16583634e-06 3.99067220e-06 5.81703506e-06 6.36209383e-06
 5.75504725e-06]

thermal_conductivity
0.026051971450270384

thermal_diff_coeffs
[0. 0. 0. 0. 0. 0. 0. 0. 0. 0. 0. 0. 0. 0. 0. 0. 0. 0. 0. 0. 0. 0. 0. 0.
 0. 0. 0. 0. 0. 0. 0. 0. 0. 0. 0. 0. 0. 0. 0. 0. 0. 0. 0. 0. 0. 0. 0. 0.
 0. 0. 0. 0. 0. 0. 0. 0. 0. 0. 0. 0. 0. 0. 0. 0. 0. 0. 0. 0. 0. 0. 0. 0.
 0. 0. 0. 0. 0.]

